x86框架下跑的结果
0 3e-06
10 4e-06
20 4e-06
30 8e-06
40 1e-05
50 1.6e-05
60 2e-05
70 2.7e-05
80 7.4e-05
90 5.4e-05
100 5.7e-05
200 0.000171
300 0.000361
400 0.000623
500 0.001036
600 0.001621
700 0.002206
800 0.002861
900 0.003759
1000 0.004585


ARM提高精度
0 2880318 6.96483e-08
10 484599 4.12712e-07
20 183677 1.08887e-06
30 84218 2.37481e-06
40 47875 4.17759e-06
50 25744 7.76907e-06
60 12582 1.59024e-05
70 12085 1.65502e-05
80 10511 1.90283e-05
90 8283 2.4147e-05
100 6752 2.96233e-05
200 1216 0.000164557
300 570 0.000351065
400 416 0.000481071
500 259 0.000775048
600 175 0.00114366
700 128 0.00156391
800 96 0.00209265
900 72 0.00281096
1000 56 0.00359535
